T 1127 3024 10
T 5445 3474 17
T 3531 3664 0
A 4833 1162 1888 3520 21 37
A 6587 2239 4673 3027 37 27
A 1208 1123 3016 1280 4 41
A 7028 2699 1414 1521 178 58
A 3771 1623 4264 3480 107 29
A 3212 2340 1443 1452 61 56
A 2669 800 6055 3342 180 53
A 3062 1388 1168 2430 68 45
A 3404 1696 7824 818 17 34
A 1256 3340 1978 1521 172 45
A 1802 2737 6177 3245 189 18
A 7061 3211 1191 1468 105 31
A 5161 2319 2759 2682 150 39
A 7807 154 3475 3983 124 5
A 337 2580 2737 2667 53 50
A 6152 2607 647 330 52 28
A 4720 1265 4399 2263 134 45
A 7634 247 1624 2745 81 26
A 4876 3440 7232 352 175 36
A 3749 113 7489 2486 132 54
A 748 1285 2902 1747 167 46
A 6936 3039 6372 3335 103 38
A 2992 1289 6057 617 187 51
A 7695 1263 5131 2928 167 27
A 7836 1716 1372 3325 155 4
A 7972 1303 2141 2874 51 48
A 3980 2339 3500 2704 74 43
A 4514 1019 6444 2572 188 31
A 4263 1683 447 1746 163 34
A 6653 800 4483 25 77 18
A 4882 449 2693 3023 75 36
A 3484 3656 435 2984 160 22
A 139 2875 7481 2583 199 49
A 1767 2414 7504 2214 160 8
A 980 3166 5620 1463 143 9
A 6853 425 2899 1899 1 54
A 3995 3285 2582 431 69 15
A 3245 2408 170 2726 191 1
A 4547 3110 5087 51 124 39
A 4519 2657 4765 2139 120 1
A 589 3326 5086 3840 25 47
A 2766 1572 4524 1701 155 13
A 6996 1600 1201 3518 78 5
A 1839 1225 5655 2926 77 32
A 525 2148 1989 1643 40 21
A 2304 1229 1787 3742 21 24
A 4982 539 937 1506 40 52
A 300 1236 5245 1853 154 23
A 4398 2945 3149 2054 71 38
A 5386 2749 2926 3727 192 6
A 6188 3048 1147 3976 190 48
A 7692 124 7460 981 31 20
A 626 2283 7289 1871 136 15
A 3794 535 3341 3295 141 52
A 4073 679 313 3352 6 57
A 6918 2594 4105 66 122 8
A 2986 2615 7372 2446 196 3
A 4499 222 7286 140 45 43
A 4535 2240 310 3876 87 11
A 5441 1961 7930 1754 113 16
A 3164 583 3282 3269 1 5
A 6517 3988 820 1890 186 8
A 3245 3637 4991 2884 177 56
A 2307 313 2028 2969 141 36
A 6220 1982 6229 2502 89 34
A 3190 3253 4829 2472 74 31
A 677 1392 1819 1497 34 37
A 2266 2879 947 3609 163 44
A 3397 422 1389 1426 191 51
A 5694 1963 4265 275 65 34
A 521 3655 3959 1350 128 54
A 3181 3157 4578 1352 55 12
A 6662 3273 3443 3609 34 39
A 685 2631 6333 2075 9 57
A 4358 2455 4040 623 82 38
A 5330 3603 865 1289 106 5
A 4475 839 6503 1053 144 30
A 5617 1206 7135 1413 167 29
A 7324 1852 5352 1657 127 34
A 3734 637 4569 127 61 12
A 4985 2943 7607 2202 184 53
A 1548 1060 1753 51 65 17
A 7913 435 1855 3048 0 42
A 1769 1524 4874 3121 133 34
A 1587 3268 1791 2157 147 24
A 2161 1084 2347 1768 86 32
A 3034 834 4344 1139 37 41
A 1788 1150 7596 3643 150 16
A 2665 2319 7672 3891 193 6
A 1397 3380 6826 3541 89 13
A 3297 50 7657 1645 171 3
A 4929 1557 4130 1273 96 7
A 4434 484 2870 383 127 20
A 2531 3144 5740 2204 187 45
A 1410 1137 7265 588 78 55
A 7161 327 1557 2818 172 48
A 2113 3253 5285 2243 78 53
A 3963 1665 817 2833 48 36
A 6605 931 792 697 135 32
A 582 897 1669 3848 85 39
A 1003 998 7026 2560 168 11
A 2641 2282 604 278 77 23
A 612 1192 3148 1781 25 8
A 7430 2983 2479 222 80 27
A 4754 263 7216 2775 111 54
A 1826 1466 2052 853 178 21
A 2556 3371 855 3160 50 44
A 995 614 7277 143 147 54
A 2043 2177 6637 523 152 58
A 2842 3858 2933 2058 34 16
A 3112 460 1214 1517 65 52
A 4090 221 5316 945 182 26
A 7381 729 5932 2658 73 39
A 2313 3268 7209 1302 191 1
A 3972 2633 5819 2905 44 13
A 2301 508 1266 3515 25 51
A 1460 2115 3505 2776 12 19
A 4094 2794 3968 2378 4 33
A 7057 117 462 2618 172 45
A 579 1744 3591 2399 50 35
A 3204 3303 5143 470 19 1
A 3754 631 5988 3611 159 21
A 2850 3853 547 3170 31 11
A 4364 1640 2821 826 59 33
A 1783 1190 2337 1374 189 59
A 2361 3146 6643 3857 168 34
A 3378 3722 6445 1366 85 56
A 7119 2535 6409 18 106 32
A 6722 2422 6984 1895 0 35
A 6840 1383 786 1177 110 47
A 869 1471 3873 3512 128 22
A 5678 1058 3916 123 177 2
A 6679 2248 2489 1440 67 7
A 2784 1341 7321 2120 36 21
A 1716 2076 305 2854 5 27
A 3933 826 5238 159 138 39
A 4001 2016 3977 269 91 54
A 4223 1522 5003 3065 114 2
A 3964 2098 963 3286 19 51
A 2207 2287 6979 2864 93 56
A 6631 1426 7763 3870 185 21
A 6789 1938 2470 3118 160 33
A 1873 2783 3188 2876 0 42
A 2850 2165 953 3813 51 44
A 4716 3658 3811 3695 75 44
A 2631 1506 7082 2394 128 48
A 6848 869 6958 1670 188 38
A 2983 2213 4654 2171 41 34
A 674 291 5019 1979 56 2
A 3503 1172 2833 3666 67 48
A 5322 3498 3566 404 45 35
A 1424 1093 6516 383 115 56
A 1901 2098 1069 2907 22 50
A 5762 1296 3153 3133 27 49
A 5956 3130 781 1141 148 28
A 2849 470 1499 2415 26 36
A 62 2651 5541 2931 186 16
A 1787 1639 6754 3209 147 56
A 5719 2309 5024 1225 194 43
A 834 102 4133 1616 43 53
A 7616 92 4103 1467 60 10
A 5563 2922 4333 3104 53 59
A 112 3993 1358 2867 2 17
A 2595 1273 4566 3972 98 41
A 975 3333 6815 1461 101 59
A 1094 917 4151 1550 137 23
A 7232 300 6286 3565 157 51
A 7636 3869 836 1346 88 18
A 7604 2036 1312 522 8 10
A 7235 3335 3495 2051 148 16
A 2110 2243 2066 2613 145 23
A 5977 3377 5103 615 94 0
A 5458 3282 1082 2295 28 50
A 2333 584 6206 3997 59 6
A 3808 1046 3902 3655 97 30
A 452 1559 3645 2518 125 10
A 7321 2502 3167 776 69 53
A 1989 927 2095 3071 174 44
A 3593 1908 3660 2152 57 11
A 6718 2417 6518 2972 73 35
A 375 2525 7527 20 195 12
A 4163 1068 2906 3682 44 55
A 2496 185 3654 943 8 49
A 19 3202 5137 3680 154 46
A 5151 424 6164 3669 149 37
A 1637 124 7114 1164 96 9
A 5568 1011 1929 474 94 33
A 3201 3542 311 2855 85 59
A 6084 505 7473 3573 137 47
A 3320 1688 1604 1484 110 13
A 5721 3699 1477 835 15 45
A 5696 2783 7337 3625 57 51
A 7750 2810 3925 61 65 30
A 7981 3750 1267 3454 75 24
A 4634 2995 3845 2590 31 27
A 3943 2552 1606 1772 139 1
A 97 1787 5956 3786 164 5
A 4169 1515 375 94 128 0
A 4857 2261 6142 2476 116 18
A 281 2702 5165 478 44 17
A 6737 1587 901 343 111 13
A 3516 160 6780 1824 147 5
A 3389 468 6412 3764 163 20
A 2156 1772 6602 651 48 30
A 6469 881 3724 3986 111 28
A 1983 448 7307 2885 143 58
A 230 1011 7530 3010 35 29
A 3907 2224 4298 2671 140 1
A 3012 849 2985 1966 100 33
A 6988 321 4467 2712 107 58
A 80 2291 6627 3387 128 50
A 6757 1758 782 2287 120 17
A 2469 1380 6194 2767 51 6
A 3980 3415 5735 2965 181 47
A 6550 369 7908 3017 33 8
A 1196 3513 3211 175 52 39
A 7945 2361 2849 1079 1 49
A 5049 3470 1701 3243 37 13
A 481 2217 1168 2569 134 22
A 6156 84 3623 2417 54 57
A 7337 650 6922 2548 25 27
A 7639 1122 4888 2488 2 49
A 2809 3603 1359 511 46 8
A 2616 3327 2517 136 48 11
A 7390 405 488 3014 174 42
A 6423 2511 4944 1345 11 41
A 4224 1050 7243 1113 90 37
A 3002 2699 1400 714 162 58
A 1014 2530 278 3532 67 26
A 7935 2057 7283 423 23 29
A 717 198 5672 1661 96 23
A 7782 2120 133 3378 33 43
A 1175 2588 7075 2928 54 29
A 7878 1020 1520 156 152 19
A 3035 840 6948 2318 63 24
A 1128 1981 922 2800 194 58
A 2236 3777 5291 2369 155 56
A 6745 682 7464 2172 162 30
A 5513 3841 491 3033 149 15
A 7572 3384 2235 2873 103 31
A 7597 3183 6184 519 135 18
A 3690 571 5955 981 93 42
A 5857 2038 2497 1674 162 11
A 1496 2075 6652 1987 61 42
A 3735 1385 2386 2322 58 41
A 6173 3855 7624 357 127 52
A 2536 417 2883 843 150 56
A 6658 3607 4566 1507 33 40
A 318 3130 7556 2971 69 9
A 2325 1204 2754 1063 127 5
A 5505 1700 7220 1481 10 27
A 3793 1298 716 2677 93 26
A 5205 1503 6426 1772 10 19
A 7252 3329 3189 3160 52 39
A 4529 1329 6215 3636 192 22
A 7001 3897 7795 2221 131 25
A 2521 1524 7855 3589 153 48
A 2056 1759 4204 834 131 14
A 893 2783 6895 83 96 59
A 1094 2825 7228 3309 61 41
A 1052 1462 5870 1199 36 41
A 3756 2909 5126 3611 98 59
A 2311 906 3438 2515 140 1
A 2082 2634 2457 977 69 13
A 7229 163 3578 2457 72 52
A 4078 876 3854 2301 75 2
A 5902 1831 7151 3028 194 42
A 5060 106 6908 850 173 41
A 4172 1407 3987 2629 137 56
A 7382 1966 3219 3312 23 43
A 5704 854 3920 1911 155 27
A 2505 1057 4531 1657 38 45
A 11 1850 6783 3271 100 49
A 272 3224 7516 259 53 13
A 7667 1587 571 3238 100 35
A 2282 2956 6201 2554 67 16
A 5253 3725 6765 1784 182 15
A 110 1745 1757 3245 16 18
A 5354 1289 4034 1223 100 40
A 3476 1568 7827 48 6 59
A 1395 3440 36 3596 146 35
A 1304 3600 4980 421 184 14
A 3977 1846 459 1734 92 8
A 6544 2798 7117 2931 21 49
A 1171 3850 6937 1350 98 16
A 6430 1645 7888 2818 193 15
A 425 2897 1835 1406 70 51
A 472 3647 5418 1284 134 42
A 7112 630 2012 2581 113 54
A 3950 1084 1884 3240 35 54
A 3688 865 131 3576 35 24
A 5811 460 973 3646 18 3
A 7218 2691 643 988 127 17
A 3850 3439 3359 1862 20 13
A 248 2322 709 2484 162 24
A 970 1250 361 1101 27 36
A 7177 2990 857 150 37 27
A 4794 2207 6470 1437 195 37
A 4166 3045 6236 3877 59 48
A 7150 1860 6931 212 144 45
A 3356 1667 6448 70 168 47
A 4466 1946 6617 1675 48 14
A 1455 3242 7461 3925 79 16
A 6723 1197 6053 1311 75 5
A 5920 577 5877 1203 189 1
A 6048 498 240 848 168 41
A 4475 1386 1307 3093 62 7
A 699 517 7350 161 194 21
A 3169 3517 5579 1575 29 34
A 1592 3101 3231 3469 104 21
A 2042 2704 4519 2283 153 39
A 5644 28 2825 3303 73 59
A 3410 173 3108 3112 86 3
A 7494 207 3420 1073 182 21
A 79 3726 3702 3310 147 26
A 3683 1590 3063 554 25 56
A 5993 2221 2996 1171 76 2
A 7410 1286 6995 2871 151 21
A 2774 245 7888 2546 70 23
A 3148 1749 2101 2850 11 9
A 3209 1447 3239 2624 1 56
A 5240 347 2037 588 118 53
A 7410 1280 5551 2757 151 54
A 2438 3277 2899 2679 24 41
A 5054 1324 7022 3155 174 54
A 804 3735 1881 395 159 14
A 4563 3951 4581 2600 92 31
A 6865 654 4084 769 12 55
A 3423 2202 7865 2675 81 49
A 3596 2287 3013 2619 43 59
A 3053 2599 3627 1286 147 38
A 5520 3910 2642 2454 63 14
A 1257 1728 188 1341 49 32
A 5929 2273 2155 1794 148 28
A 3835 896 1676 2848 115 11
A 2739 2920 6070 2366 6 49
A 705 2079 5680 3347 85 43
A 7233 2142 6623 3421 36 13
A 7374 1765 4098 1881 111 46
A 5269 3746 5942 2945 194 30
A 2768 1685 730 1191 52 9
A 2960 1109 3720 992 8 5
A 1887 41 3099 511 14 15
A 2336 3540 5052 2434 21 23
A 3832 2691 709 2126 188 55
A 4288 757 5693 1019 100 5
A 6660 1260 7206 2732 53 14
A 7337 140 55 2436 3 41
A 1724 3339 7762 2776 125 23
A 92 2309 4226 1153 188 7
A 1161 1076 3676 2854 47 56
A 4599 1107 3236 157 39 41
A 4171 3528 5982 578 117 17
A 4799 41 6677 561 169 34
A 2097 3613 3816 2323 167 4
A 890 1928 1680 918 182 48
A 2894 1733 1587 2131 90 59
A 3972 2413 1307 2306 191 16
A 5644 3790 369 673 104 39
A 2179 2801 3152 1995 76 51
A 6599 2719 2199 632 37 41
A 760 2532 1066 2699 63 48
A 4478 987 1721 2138 46 52
A 2114 1290 855 2484 163 39
A 6375 494 4360 1879 90 56
A 6151 1089 907 350 73 45
A 7684 2833 3077 1102 85 52
A 4411 2715 5431 2132 53 37
A 2845 2968 2367 52 4 22
A 1611 179 1177 2323 58 7
A 511 561 1108 1419 112 22
A 5964 948 2367 1393 50 24
A 1485 2461 3320 3268 194 33
A 346 3791 3493 2713 43 9
A 3748 1806 1828 1277 129 39
A 1296 640 1152 2404 59 44
A 1938 375 3364 658 168 35
A 5262 3605 3876 582 74 22
A 1108 3572 4965 953 37 0
A 2603 2385 6966 783 62 7
A 1374 1310 4088 2527 67 59
A 4591 2005 3227 308 15 7
A 1723 630 5305 1951 164 31
A 6774 2672 4103 3739 26 40
A 5252 2581 5126 218 164 0
A 18 739 6451 458 66 58
A 6957 209 4875 2536 117 43
A 3884 2240 873 1541 192 17
A 6072 3318 5110 2175 9 28
A 915 661 7669 2393 32 25
A 7886 1250 4124 2689 60 42
A 5207 1017 7952 2434 106 41
A 2677 142 3414 3550 83 38
A 2340 3755 3276 3802 130 17
A 890 3197 51 911 143 35
A 648 1829 3237 773 118 57
A 867 2077 6314 1171 63 32
A 5993 3541 2714 1759 43 17
A 5717 1783 4152 1345 185 54
A 4734 2827 5984 785 90 27
A 2420 739 1756 1657 64 46
A 6954 2731 703 1621 103 6
A 4193 2248 1459 2908 7 35
A 3657 2076 3390 162 21 56
A 6948 155 155 932 93 38
A 4859 3713 5337 2967 123 33
A 5593 677 2636 2648 98 51
A 567 2844 1139 2026 104 18
A 7633 1761 3926 3024 75 47
A 4352 1224 3855 507 156 40
A 1105 3368 5213 2794 87 16
A 2699 633 3966 1336 81 4
A 4227 200 5460 1719 179 4
A 7217 2212 1678 3144 36 13
A 2843 1588 1529 3050 48 26
A 550 3905 3406 2116 52 33
A 1052 1751 2726 1370 87 40
A 3987 3667 2560 1447 186 59
A 1364 955 3704 3042 51 52
A 3347 3295 3233 877 97 1
A 915 3600 1938 321 116 42
A 2766 3120 7094 1493 91 13
A 4205 478 2200 3117 125 58
A 609 3641 4894 313 35 45
A 5605 2383 4992 838 12 10
A 6871 527 7290 1162 0 58
A 6504 3966 4478 1950 11 49
A 4836 2368 5799 3036 86 57
A 7327 2095 3718 221 160 34
A 1566 717 1489 2911 108 53
A 2601 1131 5980 2243 93 52
A 7953 1150 7498 431 52 42
A 5753 288 30 3904 125 48
A 7981 3004 7963 52 25 15
A 6806 1143 145 647 54 25
A 2100 3007 3536 432 2 22
A 7964 1555 3684 3814 139 16
A 5476 92 7425 1859 196 22
A 7727 330 6106 43 182 51
A 3118 3540 6826 3615 139 21
A 6020 2639 2240 1909 23 23
A 91 3387 1750 3775 1 49
A 7263 1030 533 2688 89 42
A 1790 2616 1212 248 11 46
A 5931 2482 1486 758 97 45
A 7991 118 1016 2231 27 59
A 2426 2470 4178 529 197 59
A 4618 1860 761 1504 101 42
A 6386 3043 6971 3950 92 22
A 5896 1223 4464 3734 133 22
A 5759 2324 3032 3127 108 11
A 7566 3686 7881 3744 15 18
A 3475 1186 690 589 90 31
A 591 1428 635 3562 130 27
A 1545 3626 1502 2009 160 36
A 923 1471 2512 3955 198 52
A 5718 516 7459 1599 12 34
A 4429 87 5212 1472 76 54
A 7063 1620 1682 50 182 32
A 329 3079 7390 1832 41 22
A 6020 2716 4573 884 24 3
A 657 742 2391 116 142 3
A 142 3123 7091 1355 195 19
A 5609 11 6091 3644 61 6
A 7056 391 2705 2799 175 18
A 1901 595 7215 2827 79 39
A 4350 2488 2981 2742 4 55
A 2097 2747 1151 1540 54 46
A 1660 2063 2109 103 59 31
A 3729 1116 2562 2435 67 49
A 7285 2168 2084 2500 195 35
A 5091 1698 6404 425 192 0
A 6452 2889 4459 3603 30 33
A 5702 2442 7329 3811 145 8
A 1982 2275 6856 896 62 3
A 6385 347 1292 821 0 7
A 1089 291 337 3845 68 29
A 5205 3521 4019 1665 124 29
A 6578 1178 2891 1907 190 56
A 3296 3324 3711 2152 21 5
A 1628 2958 1473 2920 180 13
A 1559 869 1316 1897 66 5
A 7026 2271 6258 3045 136 2
A 7846 2867 6561 2737 126 3
A 526 422 3227 589 127 40
A 5715 555 2759 3540 27 11
A 4213 1386 4112 1881 35 58
A 4618 3014 3449 2876 11 18
A 611 2258 2605 3524 147 11
A 3427 1873 4506 3006 15 45
A 6807 530 4692 1566 70 59
A 809 635 2257 921 116 53
A 6099 3487 4907 1548 163 10
A 1638 2974 5928 243 50 56
A 4327 2277 5501 833 84 56
A 4618 443 5198 1662 161 48
A 6181 3170 2255 790 91 52
A 7035 2190 4611 294 90 54
A 7965 2081 6301 1893 124 11
A 5521 2651 3781 3375 36 57
A 7691 806 5860 890 68 1
A 2510 1001 3391 766 192 54
A 1890 827 6024 2501 74 46
A 5475 1439 547 128 132 24
A 1280 1206 2227 1061 181 24
A 6478 624 7222 690 114 3
A 911 377 3044 654 143 28
A 488 3385 6368 2864 86 22
A 1330 3713 1281 2230 42 45
A 1454 1474 6171 33 87 44
A 2097 1717 7729 1672 7 23
A 7715 3318 5972 2759 172 35
A 4300 812 6500 2668 76 18
A 6862 1358 452 143 188 6
A 1460 1394 2120 3632 28 19
A 7088 3877 7076 2817 149 43
A 4413 1264 1153 2385 176 57
A 1853 1028 2289 353 48 25
A 1444 2910 7323 1896 53 4
A 6894 513 658 1366 97 46
A 6725 3586 6316 1801 155 25
A 3284 3168 5482 437 154 50
A 1914 3407 3238 203 112 26
A 2520 1556 2196 2195 4 1
A 5459 2698 2466 2118 64 16
A 4556 2789 3254 2872 142 49
A 3090 226 5178 924 15 24
A 3134 2929 6491 2724 84 15
A 2010 2356 864 558 152 40
A 6511 2011 3719 977 129 55
A 293 1038 3277 3899 62 39
A 5909 3352 4798 3087 76 33
A 6171 3410 5095 1014 86 31
A 321 496 7288 1185 6 20
A 6206 3917 5851 2277 95 13
A 6764 1540 7723 2393 40 25
A 2965 3701 3338 3763 188 26
A 1928 1311 7729 3023 77 55
A 3955 2998 3064 3243 136 50
A 7435 3094 4388 1638 123 15
A 7971 487 3527 3694 33 59
A 32 2198 5020 3722 161 40
A 3688 3889 1471 3769 65 48
A 5985 3220 3499 1049 15 15
A 5871 2250 7129 2259 88 24
A 4246 212 2043 126 58 56
A 5445 290 3474 2818 164 27
A 6978 53 2029 450 22 54
A 4950 2159 866 449 160 41
A 484 1432 2283 3965 43 31
A 5521 290 2735 3565 16 6
A 4841 2213 7636 668 31 41
A 2455 10 406 484 12 40
A 1778 1762 6740 2644 164 40
A 6677 3400 3732 960 166 56
A 7484 1239 4418 2219 4 6
A 1565 1646 3399 1554 114 3
A 5907 1121 793 2665 6 57
A 7245 3384 3719 2337 181 43
A 638 1058 5684 722 171 22
A 4850 1855 2641 1268 26 18
A 2806 2344 5444 2558 98 30
A 7341 2157 5231 486 22 37
A 2443 419 6574 2514 157 7
A 5150 3747 2717 3186 69 48
A 940 1320 6943 3933 140 30
A 3731 1747 5714 1527 105 44
A 5637 3998 473 3221 84 27
A 2410 3279 2066 1336 145 35
A 2643 3295 922 1361 33 52
A 6449 3773 3064 1745 107 24
A 5115 3438 103 3181 118 8
A 5497 2955 758 2322 176 42
A 3969 939 4873 2387 75 19
A 3563 919 6314 485 32 40
A 2229 1081 1273 1293 26 52
A 7650 293 5123 3753 26 1
A 4514 1323 1748 1272 197 45
A 2867 3966 1216 3740 106 31
A 2759 2269 410 1426 106 42
A 6926 1688 476 551 133 14
A 1884 2983 3948 3007 89 34
A 5800 3603 5450 3548 27 27
A 7825 94 5766 1041 187 12
A 533 2946 6741 1295 124 39
A 4690 2 7887 1166 154 13
A 4820 2790 6908 1120 149 37
A 895 3949 5952 2697 49 40
A 4144 3675 7626 1910 116 53
A 2734 1601 7112 1827 97 48
A 4027 3587 4543 266 153 9
A 7839 1925 239 2748 46 40
A 1097 293 3041 3050 190 10
A 6582 3486 2565 2560 197 54
A 2726 483 5235 2190 111 12
A 2378 2338 7719 3273 156 24
A 4722 3148 3102 961 48 28
A 53 3345 6441 3094 147 23
A 1985 1681 1269 902 194 58
A 4536 3320 7502 1772 110 33
A 5904 240 4503 1976 114 39
A 3152 236 6607 2254 150 47
A 4754 1603 4905 3547 50 52
A 1330 3387 1686 2600 89 40
A 1618 826 5600 1120 150 22
A 6933 1206 54 3436 182 20
A 6896 2687 4509 1855 141 59
A 7415 2048 4014 320 195 56
A 324 2926 803 2010 126 13
A 4642 3144 2271 2594 65 33
A 6056 3550 6779 2463 187 34
A 6383 2235 1001 2892 42 34
A 1303 3857 4694 1670 129 50
A 7086 854 1216 3890 16 54
A 1335 3859 2238 3958 53 35
A 5531 862 2406 662 125 25
A 6976 2060 7980 329 105 22
A 6976 2608 4632 3670 78 21
A 1960 3717 2367 3528 159 4
A 2622 1294 1795 1213 4 20
A 68 3487 5462 2826 149 59
A 4571 3478 3200 551 159 17
A 1326 3135 3465 1958 158 56
A 7471 1470 3813 1839 199 4
A 7775 3621 1418 1570 186 14
A 2170 1255 2861 3985 81 42
A 1476 653 7192 676 156 52
A 1885 3234 2839 1351 144 57
A 5799 1016 7468 1964 7 59
A 2088 3334 4792 3858 104 59
A 7232 3426 7234 2445 163 27
A 6159 1240 4672 1352 68 21
A 4704 154 1815 3895 57 0
A 2245 3656 728 1713 20 15
A 6884 3708 3269 3676 166 5
A 5655 3150 4303 1241 195 47
A 5261 3754 1659 1933 58 47
A 4514 2514 4433 2682 10 30
A 6042 655 5946 2770 120 38
A 3057 1604 3978 2678 32 16
A 3555 3640 3046 3858 33 13
A 4277 2494 5100 1936 180 58
A 2216 1294 1073 2649 128 3
A 1292 2370 4490 3238 92 42
A 3509 549 1518 3487 179 30
A 7384 3134 3142 2782 145 16
A 7776 3622 2870 876 111 50
A 7786 479 5297 859 80 5
A 4694 772 348 1536 11 40
A 5098 3520 2742 2616 159 21
A 2119 3095 5456 1261 78 41
A 5637 1654 4775 860 82 18
A 4862 2668 3517 2159 80 18
A 137 926 3770 485 63 33
A 2677 3561 5 1419 130 45
A 4093 1001 2460 1901 62 30
A 7054 252 2344 3829 112 18
A 7220 1974 599 2737 86 39
A 2087 975 1405 1858 12 40
A 2343 841 4134 2349 13 24
A 6066 2706 7665 878 7 19
A 5569 13 2531 265 194 15
A 5844 3414 2322 2795 152 20
A 3274 591 487 1031 49 59
A 1604 793 3140 1738 94 53
A 4754 1560 811 419 38 50
A 7050 7 1783 1934 73 38
A 2281 2469 1392 603 64 36
A 4115 890 488 602 73 9
A 7253 3877 434 2394 167 28
A 499 2721 1840 1311 92 39
A 7081 2543 638 1217 29 3
A 3195 3110 4084 939 66 8
A 1188 181 2590 2028 136 16
A 5317 389 5093 1752 135 21
A 6032 3635 2134 3873 146 27
A 4504 379 4522 1494 196 11
A 3110 1143 461 3194 35 39
A 4895 3623 5413 3485 3 49
A 701 3320 6938 2147 24 6
A 1560 3809 2061 3694 34 39
A 5673 538 90 2195 184 27
A 3546 1494 7182 360 89 29
A 5239 1584 1592 2652 21 27
A 1553 2475 7268 844 22 24
A 3270 2534 853 1331 28 19
A 5042 3902 1777 1132 49 2
A 7171 2348 6008 2354 108 17
A 4323 299 633 2268 152 47
A 6215 857 4882 1835 101 56
A 7232 971 390 437 54 50
A 5677 3696 3224 3806 29 34
A 320 0 22 2329 106 42
A 1378 3382 3381 2012 50 45
A 419 217 3543 1653 5 16
A 3509 1637 6568 3899 74 14
A 2869 103 5271 2446 110 12
A 4120 230 6804 494 159 51
A 3576 290 4893 2957 102 15
A 5995 3073 7112 1538 78 9
A 7134 587 7506 2054 38 53
A 7629 59 2036 1252 105 26
A 7704 2977 6529 2860 71 48
A 371 3047 1378 1616 157 52
A 4511 352 3457 3976 42 55
A 5845 1728 5474 1704 183 12
A 3637 3764 6372 2025 16 49
A 7972 1072 207 2853 132 38
A 3941 656 7078 1672 72 7
A 6056 3136 2491 1866 64 53
A 6401 1661 2461 3876 165 56
A 6540 3354 2360 912 180 56
A 2142 1704 4800 2701 157 13
A 2379 850 1389 1809 74 13
A 7948 1283 3149 2439 149 13
A 7524 1550 4275 2338 178 32
A 934 319 7347 3647 183 59
A 7375 77 7135 176 178 4
A 909 1510 1246 2650 71 1
A 2663 3620 1404 2165 59 33
A 778 1936 2455 1405 74 6
A 1398 1208 905 1097 7 20
A 6528 583 6918 1663 159 48
A 6059 2020 7558 3305 70 2
A 3778 3685 3202 1182 50 13
A 2087 2981 7549 895 186 23
A 5481 2136 5384 2738 185 31
A 5578 2113 3526 848 128 25
A 6897 2187 2305 2807 93 27
A 2389 1271 3365 1943 6 15
A 7557 1245 548 3458 140 7
A 7634 3973 3423 1370 111 29
A 313 642 1122 3840 90 43
A 125 739 3790 2783 99 43
A 6462 2640 6907 1827 184 25
A 3043 493 7310 3943 103 23
A 1230 3937 1776 654 107 0
A 15 1621 5482 1489 61 4
A 7092 1938 64 2883 121 15
A 4518 3184 2955 3777 163 11
A 1842 406 736 1505 102 40
A 7308 1932 977 1436 138 37
A 6276 2953 4610 110 195 51
A 7435 239 361 3499 122 15
A 166 3993 971 3473 122 14
A 7365 1965 3093 453 22 35
A 1493 3482 5727 2823 118 38
A 5812 3547 7971 2422 57 58
A 4845 3092 1358 1206 143 32
A 6641 3461 1177 3964 135 20
A 6299 2300 7617 1392 105 19
A 1539 599 2921 3618 174 11
A 636 1586 90 960 160 48
A 6078 1205 3192 3788 11 8
A 4621 1405 1949 2150 169 44
A 3450 3668 3536 3067 12 42
A 2858 3303 7593 1779 122 59
A 6323 3558 5657 2413 70 37
A 6161 3301 3222 1706 89 25
A 194 62 7390 2495 13 40
A 7380 2015 4780 2916 35 45
A 1910 293 1848 1503 73 22
A 1222 396 1033 2879 9 43
A 4896 1323 5204 470 181 14
A 6456 3575 708 1846 70 53
A 2958 1802 1289 91 119 4
A 6988 2981 7017 836 85 2
A 2311 1707 2190 3344 139 12
A 5247 1835 3027 2452 106 8
A 3098 1114 1983 3806 160 5
A 3080 2271 2560 721 114 11
A 3445 1702 6612 2814 90 37
A 4257 1201 5157 2447 145 56
A 151 2145 283 3178 197 21
A 1586 47 4055 3921 5 48
A 4679 3285 5639 3239 6 33
A 6870 3803 6407 1482 18 57
A 932 3227 2851 2089 26 16
A 4537 2178 1893 820 156 10
A 7762 3295 6889 169 168 15
A 7537 247 6732 1176 38 31
A 5881 2708 2894 288 143 12
A 1938 1475 5091 789 116 58
A 4537 453 1296 2431 25 44
A 1273 1739 6299 163 109 28
A 3258 1446 6467 2342 175 46
A 1433 1208 1366 328 97 29
A 2192 3787 7736 3284 128 4
A 6402 1465 457 50 96 35
A 7054 1522 4174 1706 37 3
A 3926 1295 7530 2393 37 25
A 5051 1423 7713 2418 151 22
A 4679 3943 1701 768 179 29
A 772 1981 95 1582 183 23
A 4017 1438 6217 191 144 34
A 2275 3070 1901 2157 15 31
A 1014 2867 3314 1079 37 45
A 2994 2316 5360 695 84 32
A 7677 3857 3625 124 39 9
A 467 1808 7447 3037 199 43
A 3291 626 2365 1193 183 40
A 3436 149 7399 2750 29 56
A 4167 575 7353 1527 70 49
A 6819 947 6998 2445 71 17
A 4806 1891 2245 253 80 57
A 3196 571 5575 1561 116 59
A 2093 1552 4860 1493 102 21
A 2881 469 3016 2234 149 19
A 5376 1520 5938 374 117 2
A 1164 1123 5605 3761 128 5
A 358 924 3456 1934 37 25
A 6645 1283 7477 3857 176 32
A 2299 1657 4953 1667 44 14
A 6306 1972 1175 597 146 4
A 3959 3510 2968 1564 24 36
A 801 334 5973 609 20 22
A 2534 1617 6445 2364 75 13
A 6496 126 7583 3801 193 7
A 7456 452 1799 983 49 17
A 2827 1360 360 2147 124 4
A 7196 3725 4318 1169 134 59
A 6683 3221 908 1481 185 3
A 7054 433 6861 2637 34 7
A 6816 42 1459 615 25 0
A 5465 3853 220 1825 0 16
A 5809 1196 3221 2479 117 47
A 5770 1401 7128 2679 82 5
A 5414 2288 5850 628 126 25
A 5635 3742 6479 3094 110 25
A 6306 2175 3358 2526 152 10
A 2022 2161 2907 1595 192 24
A 1502 2763 3377 983 194 11
A 2400 3560 900 251 188 18
A 2688 1823 2272 1167 69 54
A 672 3575 1861 382 101 53
A 6093 475 4726 1352 70 39
A 3328 3925 834 3058 60 0
A 1669 3660 2540 2921 63 49
A 1451 3303 552 3724 71 42
A 3410 1495 5749 1272 30 23
A 7837 675 4678 564 27 49
A 2635 1707 3026 3821 165 46
A 2801 2787 4298 1341 60 22
A 4422 3512 3865 975 188 28
A 3149 3350 2536 898 22 6
A 1101 812 1441 2132 128 20
A 1233 715 5879 259 136 17
A 4545 3689 1784 1195 30 36
A 2109 1453 60 2327 180 40
A 7015 2281 3351 1903 131 25
A 6669 633 5137 462 117 25
A 4634 350 7580 2514 9 8
A 5511 1506 4157 3647 101 40
A 195 811 3345 256 138 37
A 256 2505 4758 3607 9 9
A 285 3430 1274 1422 45 51
A 4640 879 741 572 145 30
A 1041 1608 7208 1550 7 30
A 3090 1803 3073 2787 59 3
A 1264 2315 5420 2022 75 29
A 6312 2560 5612 3938 134 37
A 330 1326 2736 1423 99 14
A 6774 3292 442 2334 42 30
A 244 285 3853 3669 72 24
A 6584 337 4579 5 111 6
A 2186 1375 2118 3798 114 45
A 5655 1996 131 744 19 42
A 7578 2193 5674 372 80 9
A 2422 1476 3154 2627 146 38
A 891 3730 3267 1823 135 39
A 5381 1922 7706 3500 72 20
A 2657 3728 7016 2788 24 36
A 5523 402 981 3549 126 1
A 2418 3549 7338 1924 128 56
A 4503 3420 4566 122 195 34
A 2453 2976 6928 2160 28 0
A 7180 1485 5080 2549 26 44
A 5337 2149 2658 2318 98 25
A 532 469 3686 222 193 34
A 1058 3248 5986 1976 123 53
A 2982 2176 2910 1910 136 50
A 2911 3869 3928 3991 170 54
A 2248 107 7055 906 177 25
A 5043 3309 1926 729 83 52
A 3296 1293 272 1634 70 35
A 1568 2252 2172 830 115 0
A 2920 3778 7081 2848 169 31
A 3754 2369 6310 3161 76 8
A 619 319 749 2897 1 53
A 7569 697 5926 3842 83 48
A 189 251 3801 2713 33 8
A 5574 354 446 1007 154 7
A 2859 3661 2937 1169 174 5
A 6609 145 7236 3359 43 57
A 3992 2964 1686 2270 6 22
A 3819 2996 4973 3972 61 47
A 640 3635 7113 1086 43 59
A 1653 3854 7032 942 175 7
A 7507 3985 6704 2744 144 27
A 3733 3688 712 1772 158 10
A 6494 1777 7218 3819 101 40
A 6578 2741 5267 1691 27 42
A 1063 1833 2116 95 175 24
A 2654 2635 7829 1359 179 5
A 7458 1464 3213 170 36 43
A 393 2082 3653 3611 102 14
A 5243 480 496 2511 124 55
A 1125 3587 2508 3242 34 16
A 3438 2689 271 3619 0 2
A 7144 3858 7466 2709 29 55
A 232 774 5137 3885 137 31
A 5640 1981 224 2488 44 28
A 7163 1969 2687 2024 163 21
A 12 1001 1762 283 20 22
A 2637 116 2021 2455 25 42
A 5510 3410 3176 3000 47 5
A 2743 1639 6246 2967 127 30
A 1715 3643 1060 754 67 23
A 3828 1679 3977 1590 114 17
A 105 951 5066 2478 6 43
A 5232 1269 3653 760 21 53
A 1025 3364 1292 3272 132 32
A 6362 399 1415 3774 154 42
A 2750 982 1113 2727 124 59
A 3676 3381 1082 742 59 40
A 5338 3091 6109 1343 51 10
A 996 877 6447 2289 149 19
A 61 2863 5530 1828 190 16
A 910 1740 4370 2375 19 35
A 6506 495 3028 3588 190 28
A 4428 2928 3979 2538 71 23
A 1620 1268 1060 67 109 41
A 5198 322 4776 3081 150 46
A 2117 3412 1858 2488 139 37
A 6135 645 7173 1163 33 55
A 2403 661 4043 2735 151 54
A 6918 1172 1934 330 191 3
A 5891 3142 6165 3019 175 7
A 7138 692 4079 1348 132 50
A 4026 2019 3215 3551 135 8
A 666 1938 4462 709 73 33
A 5375 3943 1537 3310 73 21
A 5505 2516 2623 23 136 10
A 4690 1026 2594 1122 174 7
A 7692 2752 498 2908 103 33
A 2708 3321 6324 3170 182 29
A 7184 1758 7293 721 20 6
A 202 2925 2083 3177 148 51
A 4727 3991 1349 3322 113 3
A 1801 1157 2828 2299 65 23
A 2685 2774 805 1361 144 19
A 710 1480 7649 3 2 29
A 3922 2756 4347 2005 86 47
A 2328 3365 7638 29 39 31
A 104 840 2261 2932 92 26
A 4416 2529 1452 1221 90 29
A 2760 600 5229 2410 156 3
A 7831 878 2540 178 35 18
A 3826 1915 4543 3816 144 3
A 920 2048 775 3181 133 7
A 1507 1749 3148 3312 122 30
A 3061 2434 7991 290 196 39
A 4074 1028 2177 2966 158 12
A 4144 1736 7327 687 105 3
A 4270 2825 4023 1398 6 56
A 1665 3865 3105 1166 177 59
A 4556 2238 5214 899 81 42
A 6198 2955 142 727 121 21
A 6139 2065 7789 1818 104 14
A 7793 3375 871 3817 173 17
A 5173 2790 7095 631 108 32
A 7410 865 4863 976 116 4
A 3739 315 3051 3881 42 32
A 1934 3534 7389 1724 104 53
A 3770 1498 6220 642 115 45
A 3871 2840 6488 2966 71 36
A 5591 2882 13 2454 58 50
A 2550 3597 6797 1601 31 11
A 2925 1765 7725 2314 41 22
A 5159 3964 7280 3380 6 27
A 2725 829 7787 1565 196 19
A 4362 1387 2493 727 193 51
A 2857 2743 2301 2006 96 32
A 6198 3621 249 2275 87 51
A 4057 3446 4407 3689 26 33
A 4636 1904 2194 424 69 30
A 35 183 3729 2528 63 14
A 1231 472 3017 3532 79 45
A 6016 677 3686 2618 104 45
A 6709 3362 1772 3468 51 10
A 833 40 2854 3027 64 56
A 1018 851 3211 1099 179 54
A 1374 610 4947 743 95 18
A 4809 2511 807 847 81 51
A 7525 542 3473 1297 10 57
A 6247 843 6917 1454 71 33
A 4482 1241 4936 45 140 55
A 4872 66 1277 2171 162 52
A 5949 2323 4636 2756 170 37
A 2867 2695 2660 2693 144 22
A 5922 2944 7866 839 198 37
A 924 1232 1330 1860 77 42
A 2527 2501 89 3804 72 11
A 5929 2621 3574 2917 129 56
A 1386 949 2144 398 194 40
A 3421 1916 1784 3287 107 34
A 7376 31 7766 706 43 16
A 4728 1122 7897 1169 78 50
A 6772 3207 3543 2698 76 25
A 5795 215 2574 291 13 8
A 7131 34 4836 916 73 3
A 7802 3401 326 3569 107 9
A 4965 1188 3691 1214 109 49
A 6136 1482 529 2032 180 37
A 7657 2327 7572 2583 170 58
A 5503 2102 4924 2339 170 38
A 6282 3172 7999 2960 93 39
A 5529 58 1999 1572 25 20
A 6893 3761 2542 3774 193 35
A 7484 1802 5754 3056 185 5
A 3594 2240 7179 519 179 49
A 5469 3213 2073 1820 125 7
A 2631 54 1577 630 178 22
A 1691 1224 7316 585 150 29
A 12 834 3264 1767 91 41
A 6844 3837 2242 2023 156 53
A 4924 2177 6739 2997 198 24
A 164 2629 5671 2094 12 21
A 1296 1655 1225 612 40 56
A 2074 2605 7762 1338 124 5
A 5339 3568 3843 3933 143 31
A 7107 2867 2729 1846 64 39
A 7462 2381 1708 1133 27 40
A 5135 2475 6975 2712 88 28
A 1640 1514 525 1403 4 29
A 5408 895 5169 1603 29 32
A 6155 288 5979 1236 134 35
A 315 1948 6928 2023 82 35
A 7696 569 2583 3023 81 3
A 943 922 3537 1468 77 33
A 3069 85 7988 238 89 57
A 3350 196 5105 1681 32 31
A 6229 1747 5892 1509 122 14
A 5617 3818 5543 200 194 36
A 6223 137 6450 2112 158 47
A 5205 1027 5565 1193 18 54
A 6363 1320 3450 3820 2 14
A 3764 1583 2981 1656 44 23
A 2982 1061 7274 877 13 8
A 2053 3836 6605 504 148 15
A 5983 3505 1943 3548 99 1
A 6802 3414 4881 2604 186 35
A 3838 3350 6170 3171 158 55
A 2275 340 2676 1549 169 10
A 369 3623 478 2974 79 47
A 242 2462 2284 2185 11 35
A 2098 1165 2749 3331 122 48
A 3567 312 6390 2089 84 49
A 3704 2111 441 2381 12 31
A 7023 381 1986 3501 107 25
A 2280 3949 5279 917 86 2
A 4252 936 808 3002 68 22
A 6042 187 5594 432 76 50
A 181 1981 3893 975 114 17
A 6986 89 4990 1324 142 30
A 7789 2575 5351 1420 92 38
A 5063 3744 5126 1871 98 54
A 7505 1140 1933 1451 173 50
A 3234 2106 6543 3127 81 9
A 3737 2419 7698 727 143 12
A 5777 3884 2567 3129 105 39
A 7319 2368 5804 445 191 54
A 2192 96 6395 125 99 20
A 4687 1133 2426 3230 13 0
A 6839 350 4631 2889 29 35
A 6882 3559 259 1801 40 36
A 7861 2359 4284 2017 156 47
A 3271 1700 1323 2018 26 15
A 6690 2513 4708 1117 96 13
A 7329 1287 2375 3960 129 45
A 687 3411 7364 947 12 16
A 3215 1425 5467 3500 194 3
A 727 3066 6676 2403 36 22
A 6330 127 3367 3038 196 15
A 5064 1277 7103 3439 37 12
A 7244 1925 3395 2960 24 59
A 5716 2439 6385 3183 91 19
A 4159 3371 5597 2835 126 6
A 7689 456 7865 3408 46 33
A 5224 910 3090 679 150 27
A 311 3946 2604 58 107 40
A 5017 975 4972 3754 159 3
A 2286 670 2986 235 105 32
A 7973 3194 1920 3838 154 47
A 5651 178 3029 741 57 31
A 1421 1520 3678 25 178 5
A 2206 2948 3560 3178 102 31
A 6793 1340 741 1780 176 58
A 7244 1549 144 1165 140 39
A 3284 3391 3277 2665 85 27
A 2397 1906 6007 2075 83 46
A 5012 489 2534 924 19 48
A 996 3165 7281 2089 145 29
A 7040 541 3110 3184 58 50
A 2283 1694 594 1913 160 59
A 2400 3109 7337 407 184 40
A 345 2548 2462 3231 72 13
A 1172 820 1998 453 62 35
A 5662 2302 3837 772 86 27
A 5975 122 3942 2569 35 54
A 4000 787 7763 3337 194 59
A 4957 1540 4199 3771 123 43
A 2605 2295 1196 603 148 58
A 7899 762 6760 88 87 18
A 2687 3862 1072 2629 183 27
A 3635 3135 246 3750 72 21
A 5401 3781 7333 1600 153 56
A 1976 2510 2752 3172 113 52
A 7630 3364 6615 2742 4 22
A 3692 2492 4716 765 73 11
A 4224 1109 6986 471 59 50
A 2264 2613 5943 1949 165 28
A 2405 2541 358 1509 113 52
A 7362 1695 7188 2329 37 53
A 3183 482 1485 251 47 58
A 4102 1823 4419 3440 94 11
A 5250 910 4244 3193 59 21
A 5042 1617 3703 1400 126 48
A 5224 2840 7464 765 121 13
A 3758 704 4735 1595 155 22
A 905 1409 7806 1325 49 52
A 7308 2099 7363 3904 45 42
A 5065 2687 3839 768 39 58
A 2537 2016 6510 2001 181 52
A 6254 2539 1088 3342 86 24
A 1324 1391 7805 1482 68 35
A 3935 2376 3106 3650 32 11
A 5872 3698 7790 2064 66 50
A 5382 3355 2246 244 108 27
A 276 315 7918 1365 57 36
A 7761 981 2499 3566 16 8
A 4573 3103 4296 3680 153 9
A 4783 977 2979 574 41 45
A 5156 775 7153 3402 20 21
A 4781 1648 5176 1051 165 13
A 5807 3126 2167 306 45 43
A 2226 3970 86 2875 2 31
A 2156 786 4168 1135 160 2
A 932 2516 4689 85 70 41
A 947 3403 7710 2475 54 35
A 3309 2613 2554 1828 71 51
A 2811 1498 2273 3249 125 56
A 6792 2881 7062 2960 168 14
A 6874 1300 7642 3564 138 4
A 5625 3037 1667 1335 112 53
A 4763 1173 1086 3669 1 37
A 5972 2164 6207 245 165 32
A 6521 557 6165 1935 70 13
A 7061 2744 4186 2703 108 24
A 5319 3934 4961 2986 21 25
A 1811 2736 3999 2897 157 12
A 7607 729 5517 2166 175 34
A 5451 3496 4192 3616 184 22
A 2502 845 2806 3040 149 7
A 5316 868 1401 2629 7 54
A 1454 2018 6463 1453 68 0
A 5158 875 1950 2675 193 45
A 2309 844 6773 2853 13 57
A 7267 3667 1403 2074 107 4
A 3893 23 6524 1646 52 43
A 5020 458 5102 3483 64 42
A 5056 3422 7949 3006 97 42
A 2283 758 4187 1056 164 20
A 5966 3231 4667 3721 57 26
A 5377 1550 101 253 196 33
A 3337 569 7563 791 4 27
A 7513 1460 1249 3462 66 58
A 3156 2749 457 3343 158 21
A 4695 2124 4004 1714 197 2
A 5440 3574 3212 1541 179 1
A 4646 3516 7330 210 107 54
A 6037 172 5195 3639 186 53
A 3337 3143 4763 146 86 53
A 567 3534 3749 924 48 26
A 2586 3041 1872 2150 182 51
A 4911 1581 1920 593 191 7
A 4328 180 2752 1875 19 58
A 7888 3157 5881 1003 103 20
A 2276 223 4606 2025 147 54
A 4323 85 895 2195 35 50
A 4599 3147 7411 2519 140 54
A 5098 420 1734 3850 95 46
A 6941 2536 1063 822 139 38
A 5894 2168 5293 2500 145 52
A 4707 869 2877 1954 16 13
A 7784 15 612 3547 134 4
A 5101 3633 1477 3188 35 24
A 5094 2776 6660 2157 151 52
A 7227 1845 5072 521 98 57
A 3313 1405 2486 2543 111 43
A 3656 3496 5918 620 195 5
A 5676 497 790 3153 85 25
A 7278 1131 7402 2290 40 53
A 1194 2867 1550 2266 140 48
A 3884 3406 4005 2722 149 57
A 4625 1957 7565 2896 177 0
A 53 605 7809 843 159 6
A 5468 3389 4977 870 31 37
A 4575 3226 7837 2126 44 37
A 374 1728 6983 732 3 24
A 449 1780 7241 366 76 30
A 3678 729 2776 3840 124 47
A 7686 3393 6628 1016 15 19
A 5633 1191 237 1822 117 22
A 1400 43 4162 735 175 25
A 2020 1576 6746 1613 142 54
A 3784 1973 856 2912 13 20
A 2151 1499 2173 1131 115 9
A 1790 501 4332 2380 123 9
A 462 75 7692 624 163 20
A 5590 3535 2396 336 148 11
A 4110 1284 2664 966 148 37
A 4099 3051 2328 2272 182 24
A 5413 2325 5697 1745 105 12
A 5746 1167 800 1791 191 23
A 6611 3733 5850 1359 21 10
A 6050 884 987 714 2 15
A 1543 2301 4939 3872 174 41
A 5068 2339 3446 2765 37 11
A 7489 2183 1670 289 174 54
A 2604 2937 3547 454 97 41
A 157 2347 1205 1144 14 47
A 7031 957 6061 3970 181 7
A 5092 2249 5326 890 166 43
A 5394 856 299 3064 97 33
A 2878 102 7563 2778 108 20
A 3099 1065 2559 656 161 33
A 415 1593 7283 2476 163 44
A 5463 3007 3066 3142 50 12
A 905 1644 5288 1204 60 6
A 1830 291 7240 1393 69 20
A 1605 2520 1918 164 128 59
A 2490 3943 2424 1773 20 40
A 6589 235 7699 1655 177 49
A 2088 635 1945 3728 39 26
A 6866 21 7649 2458 166 18
A 6959 3371 1590 1229 136 58
A 2060 2026 5413 485 151 13
A 4825 2740 421 524 196 58
A 4826 2836 4433 2771 164 25
A 2129 1431 6998 1778 89 45
A 4848 3200 4136 2790 29 44
A 7908 2490 6402 1322 127 13
A 1507 152 5294 1928 28 22
A 2079 1854 878 2864 178 34
A 1841 3107 5577 840 38 19
A 1957 2438 5019 2445 29 21
A 6470 1137 643 872 11 30
A 3778 671 4122 1072 151 2
A 3466 1030 7357 344 47 55
A 4490 2088 7794 2068 80 4
A 3887 1237 7823 1258 35 12
A 7059 2857 6541 3702 81 33
A 3672 3859 2024 146 83 35
A 5649 749 6358 1358 45 25
A 6045 1936 5045 1839 4 58
A 7576 243 6267 3399 101 22
A 803 561 1159 3344 15 13
A 1049 640 1452 3073 186 56
A 4401 2787 7485 3111 145 51
A 6068 2190 3219 3113 182 43
A 7791 3958 7818 2059 109 39
A 4713 512 6232 1873 56 8
A 7818 906 3840 1270 131 6
A 358 1084 3766 3844 195 31
A 1127 2263 6454 346 129 36
A 7921 1520 3146 3739 131 15
A 5410 645 3367 3995 70 15
A 2843 2688 481 3035 110 45
A 7661 669 6249 3427 65 25
A 7691 2344 1060 2145 42 9
A 981 3315 662 127 6 13
A 3334 816 1590 2701 11 52
A 6276 6 7852 3110 41 23
A 4627 3055 5184 2876 34 21
A 5673 2525 745 2734 22 39
A 5523 2003 7454 2185 82 40
A 6779 1816 3676 721 69 20
A 1534 3498 5198 1386 160 20
A 1901 3587 3647 3085 63 41
A 1486 137 5359 2583 23 1
A 2722 746 4737 2176 132 31
A 1036 2063 1388 1065 136 49
A 5905 670 2107 3455 57 59
A 3695 3958 1006 3694 196 22
A 2176 882 4311 3887 66 34
A 6268 2188 280 3005 165 4
A 2577 1753 1979 317 18 16
A 7278 1075 1786 1738 131 55
A 3157 578 506 516 73 22
A 4338 2801 5136 649 88 54
A 535 1308 3143 815 66 0
A 4732 3595 1965 2711 64 56
A 7827 3542 6211 1966 32 54
A 6161 790 25 3019 106 30
A 7273 1996 3451 410 197 31
A 5364 3532 4151 859 99 9
A 5071 1431 764 3389 95 0
A 4525 674 4923 3088 40 47
A 6183 1154 7697 2560 125 35
A 7210 3799 3703 3013 161 20
A 5856 2277 6584 2007 137 4
A 7177 560 1067 293 149 54
A 1674 826 2589 2949 115 21
A 5856 2450 6735 1906 10 13
A 3261 220 3412 3317 33 13
A 2017 1089 6250 602 48 39
A 4238 2977 6652 1657 71 13
A 7572 1297 3780 2513 46 27
A 94 2102 2497 3182 8 27
A 2795 3622 3727 2559 139 12
A 6884 1308 753 1134 62 53
A 7226 2852 7531 2230 110 54
A 5183 434 451 1315 147 17
A 5362 3393 3151 3859 127 32
A 7366 2074 3486 3445 33 37
A 7109 3517 4085 3862 4 40
A 4416 582 5552 3947 12 2
A 3453 3995 6848 3904 63 55
A 4601 3025 5541 104 37 48
A 3616 2955 2543 3454 1 48
A 6231 1862 3398 2317 125 2
A 5369 2493 984 2921 192 56
A 5336 2245 143 184 149 18
A 2332 3102 5184 3873 6 13
A 693 3175 3728 3588 29 21
A 7117 1213 344 2515 82 41
A 3269 1251 914 253 172 58
A 401 1508 6303 896 45 24
A 7055 377 7906 591 2 44
A 1364 1647 6991 1092 188 33
A 3926 1057 3186 622 124 48
A 3043 3193 4671 309 198 23
A 4367 551 6704 2670 47 1
A 7826 854 5830 3732 45 44
A 3548 2809 431 2892 54 31
A 865 532 3428 403 154 32
A 7823 197 6545 494 58 35
A 1337 1225 7246 393 47 46
A 5494 73 1900 3324 157 6
A 6460 57 2507 2892 149 33
A 1263 166 3997 1044 169 31
A 4396 392 5700 3294 86 18
A 5989 2576 3783 1588 121 50
A 2634 1168 455 886 44 12
A 584 3305 670 3444 149 31
A 2557 164 138 2555 8 39
A 4058 1605 5452 1759 99 30
A 4317 3240 5618 453 180 0
A 4835 166 2460 1291 53 24
A 6255 1989 2609 3277 33 58
A 3249 343 5323 3739 50 51
A 4798 3308 488 2602 19 59
A 1645 1737 980 3263 142 32
A 4555 3377 6679 3015 68 4
A 6320 2924 2073 1281 1 59
A 6440 1802 202 115 141 32
A 2646 2692 7112 3135 94 52
A 874 2939 2621 2206 155 43
A 4719 3462 4540 3750 78 21
A 3834 1150 485 2259 31 38
A 6118 1223 5193 2672 138 46
A 2124 337 5778 1589 72 25
A 2473 698 2716 1094 57 31
A 2609 328 5086 3149 78 56
A 5062 264 1066 1547 123 49
A 938 994 5073 2131 66 51
A 5569 2143 3100 3348 132 52
A 6773 2205 3623 1841 51 0
A 7113 2260 3208 551 161 58
A 467 2824 7902 1533 123 57
A 1734 2013 3771 2807 96 18
A 1571 2066 1581 1023 14 45
A 7596 539 4222 3571 180 13
A 2803 1845 2485 2363 196 38
A 6001 3215 3774 2255 100 30
A 5032 2835 6863 1156 194 12
A 4594 3917 1778 2527 141 4
A 4544 889 435 766 60 7
A 4991 3615 1365 3828 178 33
A 778 331 7329 553 186 9
A 1755 3970 7616 970 126 11
A 682 2072 5880 2812 151 21
A 2708 1847 62 3495 13 34
A 6663 3956 4489 28 184 19
A 4141 915 7150 3470 68 48
A 252 3575 2059 3868 145 17
A 1831 1228 5962 3712 192 5
A 6885 3101 5113 2948 196 38
A 174 1611 35 664 39 31
A 7483 2133 1086 2634 155 26
A 5074 2207 6481 3485 28 47
A 7023 611 4607 1337 75 51
A 602 3561 4452 2067 61 21
A 2146 3035 1012 2533 51 44
A 6704 3887 1137 143 73 24
A 7049 3947 6004 1883 33 44
A 5262 2808 5395 2221 145 11
A 3572 1099 1984 377 167 57
A 3778 1665 584 1142 198 56
A 4498 3254 4523 1987 197 56
A 1432 2799 3695 3436 34 8
A 220 2296 5936 1967 117 33
A 4390 89 3885 2374 66 24
A 3923 596 5069 508 91 39
A 5496 2589 1225 2371 177 35
A 2119 2361 4126 1814 197 0
A 1295 2369 7808 3583 88 45
A 2369 1079 766 2254 5 5
A 5658 3729 6181 3079 189 32
A 1050 2437 3214 2275 160 51
A 3250 3631 6504 3376 197 33
A 4888 3092 3022 696 28 2
A 5021 1397 1493 2140 51 19
A 7725 1661 1380 2258 92 21
A 2883 2494 5110 2449 169 10
A 2240 372 5901 744 100 50
A 1749 989 7143 1123 85 43
A 5185 3059 3920 2679 199 43
A 3978 1276 5936 1710 86 20
A 31 3121 1874 1141 170 23
A 3763 3810 3015 2016 106 28
A 6066 2655 4457 1561 178 22
A 4084 1316 5553 356 195 24
A 4279 325 4732 2567 187 39
A 5947 2418 3740 3821 111 11
A 2817 26 5473 2184 42 32
A 1652 108 1739 2109 70 10
A 604 2106 7186 2157 63 13
A 1614 3094 210 2346 62 57
A 2965 3961 1367 3058 183 30
A 369 2952 5656 2194 136 58
A 4926 2789 7806 3018 50 28
A 4888 2206 7935 426 116 10
A 4311 2330 1844 521 76 38
A 3470 3994 3820 837 52 35
A 2819 3773 6907 475 167 55
A 173 3246 7184 331 64 7
A 2160 3504 2993 2447 82 9
A 1197 593 2391 3393 66 48
A 3252 936 7414 3072 125 46
A 3379 944 2239 2286 19 38
A 6681 1592 3804 2218 75 0
A 7357 787 5924 2702 34 26
A 2764 783 2799 1155 129 5
A 575 3781 5553 3989 5 38
A 6455 2584 4622 1046 22 1
A 1605 255 3985 1409 73 13
A 7830 2182 3400 2106 85 27
A 313 3649 122 3464 4 51
A 4082 1380 784 1635 169 49
A 5666 177 6925 2288 23 59
A 682 3180 755 1019 190 40
A 7632 772 5763 3385 30 8
A 2372 3895 6649 2494 160 53
A 3498 3794 5185 282 181 47
A 4624 3799 3436 3549 88 39
A 401 3122 3840 1156 93 2
A 736 478 1906 2851 63 16
A 1851 2587 1384 500 33 36
A 3954 931 4890 1491 166 43
A 4398 2190 6823 3834 91 23
A 4846 2492 737 1038 0 10
A 2172 1089 2060 430 140 15
A 1918 1792 4862 3302 92 48
A 398 2598 3931 1288 90 57
A 664 840 39 3487 27 11
A 1102 2225 975 1839 63 36
A 3421 1787 6065 1834 17 57
A 109 135 4149 1324 38 54
A 4324 188 1744 255 29 54
A 2105 2493 7027 2144 132 34
A 4627 3434 6631 1603 25 14
A 6931 1398 33 1348 32 22
A 7705 3694 2737 207 170 27
A 3353 1694 2716 1097 101 57
A 2932 406 3390 2311 151 54
A 2717 3530 1860 1348 133 25
A 3594 416 1235 3627 164 20
A 6229 1822 4866 1318 29 36
A 4198 1382 282 3266 79 43
A 4163 1763 6990 3553 26 13
A 5627 3143 1423 3487 91 9
A 3324 85 3325 911 64 22
A 5731 2293 7264 2949 164 25
A 5185 162 7379 1467 28 50
A 4403 3591 4326 3393 96 52
A 5286 1475 7896 3061 114 19
A 2322 638 825 1648 101 41
A 3442 3985 7887 3058 134 31
A 5055 120 365 434 139 13
A 2996 2342 7736 3322 87 44
A 427 3725 5059 675 187 53
A 5414 1109 7363 2591 109 56
A 7833 2903 1601 72 161 36
A 3923 3016 1008 640 2 59
A 433 2799 5642 521 73 29
A 4457 3252 7807 1516 127 14
A 241 1694 4055 3956 37 37
A 5572 822 6420 3174 94 42
A 7710 817 3750 1070 9 33
A 369 2242 2704 2011 115 17
A 2093 3572 782 2252 40 29
A 1198 1681 6755 1253 37 33
A 5122 3210 4215 3543 136 30
A 277 2446 6279 379 68 29
A 3932 237 6683 2988 1 59
A 518 1046 5723 1300 98 56
A 6361 496 5197 1117 101 7
A 4510 3576 6749 725 119 45
A 5835 3748 283 115 79 31
A 556 764 388 3239 152 1
A 5390 270 387 3466 122 45
A 6982 284 4533 179 1 47
A 3718 1911 6563 2467 36 14
A 3952 824 2134 235 91 53
A 4738 1847 3377 1479 86 30
A 4820 2829 7752 1208 95 35
A 5245 1277 6311 1779 8 12
A 5118 1879 5623 3681 146 11
A 1715 651 1435 201 86 46
A 6814 1977 925 2192 56 24
A 1674 276 1193 1778 84 0
A 7805 3082 5469 2116 13 29
A 5828 2331 5508 3803 164 15
A 4767 79 6506 2202 32 4
A 5281 3446 2073 2558 190 9
A 922 16 5806 2467 195 2
A 2659 1600 6724 128 69 29
A 3758 2249 2620 1618 53 4
A 3825 2820 5415 2683 174 47
A 6780 3007 1846 853 166 36
A 6383 2840 3853 541 108 40
A 4535 3967 7952 3612 48 1
A 7901 558 2271 2522 176 56
A 3858 2354 3848 1274 37 2
A 3673 3817 4582 1519 23 48
A 5356 3406 1340 1561 99 20
A 7561 1186 7320 3513 198 8
A 7887 1052 4678 2158 126 26
A 3186 3784 5560 3034 10 58
A 4608 1084 2767 1190 3 50
A 3690 311 7548 1031 72 39
A 31 1785 5386 3351 99 56
A 7471 1538 7588 149 48 14
A 7356 3234 3299 916 68 49
A 7866 2876 6145 2634 19 41
A 6776 109 1412 2325 140 17
A 2524 1172 5422 262 75 53
A 6799 347 611 2387 96 39
A 6254 3852 245 1553 121 45
A 6614 987 2094 1112 173 33
A 2213 2750 6622 3625 75 15
A 7262 3951 5287 1037 14 22
A 4110 3365 2861 1074 152 58
A 2085 6 3210 2331 111 3
A 1548 878 1671 3642 190 44
A 2507 203 4746 1130 180 13
A 1597 3795 2125 2884 184 11
A 5398 1294 2056 260 120 40
A 7970 1158 4519 3532 89 42
A 216 1389 7660 2239 184 42
A 7883 3891 6557 982 173 30
A 7155 2970 6885 1632 6 49
A 4323 3605 1715 2731 17 48
A 2892 187 1946 3763 71 27
A 2545 287 3176 2558 126 0
A 912 2762 4804 3470 144 17
A 6560 2899 1148 1797 132 6
A 2218 1207 3663 285 139 40
A 5073 3183 419 3019 146 11
A 4806 1843 5130 335 153 37
A 1247 1666 2771 2051 136 35
A 229 48 5766 1729 197 10
A 5435 415 210 1451 100 29
A 5331 1774 3684 2103 145 30
A 6946 2304 4825 428 39 59
A 4085 3886 7245 3208 138 53
A 1723 2519 5133 3842 0 30
A 2844 2035 97 3054 86 57
A 3555 1170 2923 3239 25 41
A 6221 2923 2725 3047 151 36
A 626 3789 5602 223 197 32
A 956 1073 2411 2089 67 43
A 1771 111 5399 1868 118 37
A 3017 3073 6759 2293 113 16
A 6714 886 2011 1791 133 15
A 7507 911 5504 1461 134 33
A 5354 2090 2278 117 131 5
A 3481 2302 4009 1232 122 27
A 6821 3540 6600 1933 185 45
A 5021 1251 6504 3033 42 37
A 4748 2901 7701 2604 162 15
A 3457 1716 7278 1736 186 9
A 5633 1667 6464 1642 99 6
A 5521 2072 6878 122 5 43
A 1739 1027 2666 243 12 48
A 7033 1160 4609 2734 164 12
A 3569 3573 7040 3199 61 6
A 7009 3647 3245 1825 89 56
A 5163 3163 569 42 37 46
A 1457 1376 1953 124 172 45
A 6184 1357 3877 2794 91 53
A 4118 12 3919 3510 164 12
A 1089 2573 5579 334 150 1
A 2831 1913 6384 3400 155 1
A 4326 3765 3749 2632 89 13
A 5349 2425 7430 1579 19 13
A 5572 1689 238 1843 152 2
A 7776 2641 2727 1707 175 57
A 928 2158 1390 3664 110 6
A 1685 2237 7463 1787 21 32
A 7860 2922 1777 3291 101 29
A 7516 2426 5390 3754 21 22
A 3556 397 5935 2283 105 3
A 1760 3385 7421 3151 50 52
A 2849 1087 3921 2312 74 22
A 2016 3087 4416 145 130 58
A 3846 2246 3696 1589 1 17
A 4883 1909 1067 2819 145 12
A 82 2657 6909 3503 8 51
A 835 1009 7399 1108 73 45
A 2250 2041 2064 2667 187 14
A 3937 2385 3393 3633 174 14
A 302 858 3655 1369 29 0
A 893 111 2858 3803 166 18
A 2466 1154 6380 2217 62 33
A 1195 865 447 3259 84 46
A 4406 3821 1371 3799 6 18
A 1545 460 6908 1200 30 17
A 1753 2723 3400 963 78 18
A 5981 1697 4872 713 114 27
A 7119 1109 4352 3566 121 36
A 6552 1127 4409 275 126 7
A 1973 2471 5027 881 71 37
A 170 1776 5933 3570 139 43
A 3289 1073 6860 513 186 35
A 4000 905 4236 352 23 37
A 4588 3375 2084 1349 51 22
A 5916 1624 1833 2944 58 57
A 5801 3028 3633 86 199 45
A 5250 2240 7798 462 153 4
A 3589 2754 6842 3826 106 5
A 1135 47 3393 3220 196 44
A 2934 3665 1020 768 9 10
A 2977 762 3259 2610 1 30
A 5687 2451 802 1485 65 35
A 7422 2855 6661 2616 81 0
A 2281 3816 2167 2026 188 55
A 1070 2323 3580 2443 43 1
A 3025 2420 3656 2636 182 57
A 846 3070 3308 1648 155 53
A 1556 329 5428 217 145 21
A 2337 1227 4630 856 5 58
A 1124 676 2693 1056 71 56
A 3598 2848 908 3254 85 11
A 4111 2331 1361 3771 132 8
A 6696 2240 2598 477 9 23
A 5290 1499 7122 1920 155 28
A 2291 3831 3756 984 88 19
A 7473 486 6427 381 92 12
A 7024 555 6596 385 126 0
A 2654 3374 1520 1604 51 1
A 7147 1142 2180 2270 62 48
A 5350 1705 719 1106 42 27
A 5037 2515 2445 3464 48 49
A 7729 2273 7444 2325 10 22
A 1605 2016 7497 3477 20 0
A 158 2768 842 2339 190 37
A 7579 3092 1962 298 150 4
A 6258 1587 3871 1055 3 52
A 3945 1132 2097 3741 9 27
A 7864 1414 7124 3713 43 36
A 7413 1402 1864 256 93 46
A 865 3672 7050 3179 170 20
A 4536 2580 1539 407 188 3
A 3879 3933 427 1976 26 37
A 3436 242 1651 2912 155 55
A 2008 3721 649 225 129 42
A 7831 1194 414 2882 173 36
A 2834 909 3669 374 69 57
A 3317 1900 3942 3744 77 8
A 333 3665 4563 2337 177 18
A 5232 585 239 2233 10 28
A 6975 994 6114 3741 28 40
A 4477 3062 4101 146 36 50
A 3803 3105 7671 3745 2 0
A 66 3535 3565 629 72 22
A 5499 3456 7079 2091 89 30
A 7011 1016 4884 1126 157 12
A 7966 1587 4526 419 85 35
A 6190 2241 7420 2213 138 34
A 2465 2756 6862 2382 185 26
A 876 885 4895 3955 128 16
A 7845 2339 7953 1081 65 22
A 2545 3783 3001 3072 3 19
A 7387 2745 3680 3159 110 50
A 2486 3775 1127 1348 157 24
A 2434 3033 6101 3329 188 29
A 2266 3186 3769 2571 19 6
A 7985 3165 3370 2987 37 45
A 426 1976 2670 458 87 52
A 7180 3973 4107 307 121 56
A 1172 108 5649 3273 189 49
A 1055 2407 527 824 178 7
A 410 964 4312 132 103 41
A 4409 1081 5229 3431 91 56
A 3763 1071 2690 3870 179 43
A 2838 2903 471 839 128 13
A 5829 3583 3020 2708 159 39
A 3855 1170 1315 519 54 30
A 3772 2064 3051 1353 95 22
A 4422 1611 6013 3112 81 24
A 3827 672 6999 299 111 48
A 1264 3692 5111 284 1 31
A 4635 2608 3393 1950 80 19
A 272 3252 7463 3323 158 31
A 4617 1380 6922 2983 92 15
A 7079 671 5427 2079 122 51
A 7607 2586 6983 1070 71 4
A 7293 3506 3993 2686 9 33
A 438 2081 3077 253 157 15
A 1564 2726 5767 838 109 59
A 5946 1141 3283 3725 20 45
A 7016 3179 7192 2000 1 43
A 3736 3895 5921 81 133 30
A 7906 3371 6164 2984 25 21
A 3371 1541 2647 1139 132 29
A 7750 678 2202 3033 3 34
A 7991 3772 5305 3183 124 26
A 5598 1860 2153 3519 94 7
A 7602 2200 4810 1766 136 47
A 5687 1260 6329 686 199 41
A 1747 2501 6091 3949 87 6
A 5723 1878 6618 3028 61 14
A 1287 3011 7307 3440 130 41
A 527 2132 153 1690 50 30
A 2477 2289 2950 806 176 21
A 2219 1075 202 310 25 29
A 3509 3100 319 2479 81 52
A 3574 120 743 2881 160 26
A 4834 440 6110 987 130 21
A 7029 607 650 1979 166 18
A 7680 337 1054 235 0 31
A 2676 509 5883 2996 188 44
A 5080 2562 4836 1824 195 37
A 1450 2981 5189 3560 169 39
A 5921 2998 278 2924 130 56
A 6902 1362 3086 3956 149 46
A 6387 626 595 271 174 35
A 987 1054 6498 2176 30 45
A 2573 680 7627 114 193 28
A 7785 2866 7298 415 190 40
A 2812 1045 2343 1898 1 12
A 5984 3741 5270 2931 164 24
A 6866 1703 6651 1716 79 41
A 2714 2452 2914 2341 166 39
A 2641 2351 2725 2291 167 28
A 7272 1931 5913 1615 181 46
A 2259 2517 7007 3530 0 51
A 5126 666 5075 3777 135 34
A 2011 1449 3759 925 142 17
A 4784 2783 1381 3861 74 0
A 5081 698 6783 2994 113 24
A 6261 925 1481 1620 55 33
A 4992 1581 299 2419 111 54
A 3725 3722 483 3484 47 57
A 6514 1783 7760 3895 44 7
A 747 2726 1885 3530 72 11
A 6494 685 1476 327 106 51
A 3960 3650 3864 611 21 55
A 3998 2146 1297 481 183 16
A 5811 497 79 1571 144 16
A 7110 1491 1154 1348 21 46
A 1899 3867 4264 3375 146 30
A 5658 506 6572 1874 69 13
A 3450 1467 7139 1099 101 2
A 7396 112 5971 3827 35 35
A 5903 1146 4558 3409 94 51
A 2988 393 5798 3252 120 44
A 1822 2130 7202 394 156 32
A 1387 158 6139 878 58 0
A 2353 1006 4904 324 33 40
A 7392 3089 86 302 98 32
A 6234 1486 7677 384 138 29
A 6729 2912 6279 2283 58 27
A 7307 1397 3146 1799 76 44
A 6239 981 5762 3496 57 47
A 2436 1049 6036 2874 104 7
A 5806 3938 6725 1483 74 36
A 5632 3755 2728 263 39 59
A 7602 1346 4136 2748 145 44
A 3504 1737 3745 1266 33 3
A 4214 21 2804 2602 95 28
A 7489 701 798 2215 136 13
A 2031 520 5228 1111 135 27
A 3850 737 4966 3987 38 43
A 3103 3342 6552 2849 161 25
A 4252 1175 4158 3408 129 53
A 3917 3619 4106 715 186 34
A 2540 569 7514 3769 32 1
A 7388 1883 5739 354 22 37
A 1170 1325 5271 3722 126 52
A 3860 1130 3407 18 139 9
A 7424 456 7508 3530 123 6
A 2525 64 2967 2391 185 39
A 7393 3573 7234 1484 80 8
A 3061 1450 3134 332 172 52
A 2565 1032 1143 2324 3 42
A 6213 827 2490 2073 109 45
A 471 3234 781 3790 178 46
A 4790 1371 540 24 55 40
A 1833 2268 6622 1319 0 46
A 1331 1517 5531 2826 194 14
A 4508 2759 4113 3350 185 42
A 3716 2008 4409 497 199 47
A 1816 2589 7758 2356 165 13
A 7528 1150 1233 2502 21 25
A 6648 505 1703 179 131 49
A 7465 192 5360 3578 142 45
A 401 3610 906 810 60 5
A 7197 2276 5646 3307 184 31
A 6272 864 6114 3505 166 35
A 3690 2014 1440 1745 146 44
A 346 2011 5316 1707 190 50
A 4604 2343 821 1510 153 41
A 215 2702 7909 1861 161 13
A 6825 633 5757 939 90 3
A 2226 180 7489 19 78 55
A 5143 2624 399 2459 83 9
A 7669 1288 4684 490 150 37
A 2123 3718 2891 2032 131 4
A 3277 756 2237 1034 47 27
A 6509 626 3259 2351 45 57
A 738 1788 4514 1137 47 57
A 7126 3916 6837 162 159 40
A 351 3234 6058 3242 19 29
A 4846 896 5098 3435 83 57
A 6514 1144 4123 1774 95 8
A 7663 234 2556 529 171 3
A 2079 850 7072 916 12 43
A 3256 1364 3417 1666 158 8
A 1656 2157 6285 3106 192 0
A 2603 107 2064 2727 33 52
A 3847 2248 6146 2404 178 49
A 1559 857 719 983 125 24
A 5518 1734 7448 936 152 18
A 2676 1760 6915 1313 66 0
A 6233 3822 1319 650 101 12
A 6562 2748 6152 708 104 10
A 4577 3064 2139 1649 199 17
A 7733 1918 6703 3533 6 15
A 291 1882 4216 3559 196 14
A 4419 1781 1256 1738 31 17
A 5642 1345 7258 3794 53 22
A 5077 2983 178 3568 32 18
A 4537 717 2848 3240 50 14
A 6048 893 288 2264 52 16
A 50 871 5618 1307 161 21
A 1816 603 1747 1074 150 12
A 1837 1827 7487 2367 147 39
A 2945 2285 1188 1793 125 50
A 4199 3573 2684 488 189 36
A 324 2240 4360 2294 99 13
A 2696 1715 4277 795 142 27
A 1299 1331 7206 787 98 13
A 5258 2996 7238 2447 141 36
A 4237 1341 4689 2921 181 39
A 6410 2857 5471 3122 152 30
A 6795 200 7085 3072 195 59
A 451 2646 7910 9 33 29
A 4963 692 2957 553 139 18
A 5669 3376 5791 2711 50 12
A 5942 1412 6830 3413 134 54
A 4783 3329 4534 220 154 41
A 6800 3557 527 3062 167 41
A 7023 882 4653 1980 35 44
A 6079 3457 7872 222 168 22
A 4195 110 7934 3377 123 0
A 7711 658 4150 597 30 16
A 6478 30 2813 3357 45 32
A 7318 2468 7614 323 49 42
A 467 2880 859 692 54 47
A 3214 1 7489 3501 178 12
A 4321 3441 4022 823 38 52
A 4079 2516 1635 3245 74 0
A 1977 1544 7548 1592 20 49
A 3346 2687 3581 205 179 28
A 3584 2946 7389 3073 47 48
A 2437 3120 2209 2459 144 20
A 63 23 5116 1698 68 2
A 2778 1598 5239 2679 190 59
A 7380 2536 6498 3314 93 30
A 6702 3029 1176 2091 102 15
A 1211 891 7447 3773 102 51
A 2373 3765 7767 3841 64 7
A 7536 594 985 775 25 55
A 4586 3358 7063 3084 72 28
A 1314 1726 1537 2842 169 51
A 6817 1733 5234 2265 106 16
A 2008 231 1054 1775 24 58
A 5163 312 7464 2148 87 30
A 2676 2025 6800 2091 110 12
A 952 2424 3550 2489 67 19
A 2833 436 1452 67 53 50
A 1356 1414 3893 2410 141 38
A 1280 704 630 744 5 30
A 186 2233 95 2986 76 37
A 810 1628 7982 360 70 21
A 432 3303 6389 2236 122 15
A 5547 1078 7209 1792 88 50
A 2110 768 7807 3093 65 44
A 1515 2403 1597 1962 142 45
A 7520 2552 254 3854 65 36
A 5455 49 4731 196 85 53
A 2343 184 1884 1904 129 4
A 1007 791 2845 814 84 50
A 530 1751 7465 2479 114 27
A 5104 3234 112 1358 88 49
A 2434 895 7778 3165 43 15
A 7971 3787 6952 1855 91 53
A 3579 2698 6424 2424 64 41
A 7486 394 412 2952 73 6
A 4511 3978 3712 975 88 52
A 704 475 4399 834 192 3
A 3602 3963 1630 2906 170 53
A 4539 2102 2372 2963 78 8
A 5624 717 6983 2037 21 8
A 6515 532 2538 2580 108 59
A 2084 2212 1054 2484 199 46
A 4679 3001 5362 2661 107 24
A 6334 2798 5986 1058 161 57
A 7647 3738 7934 2982 127 15
A 5542 994 839 81 174 7
A 660 2011 912 2066 95 3
A 3112 1174 7664 826 35 23
A 5063 2521 721 3401 180 54
A 6618 3579 2572 2904 161 59
A 6859 455 1694 3699 136 20
A 6398 1548 3631 3662 14 58
A 4325 3079 2004 3989 57 39
A 2264 1320 713 2985 122 53
A 6172 3692 3872 744 197 45
A 5796 1456 7240 3842 107 29
A 1462 3906 1677 1446 120 52
A 5924 246 4723 281 187 20
A 6472 2852 2301 3185 189 35
A 7830 361 3067 3702 58 24
A 2839 3254 3473 2432 48 0
A 6561 910 1238 590 108 39
A 2234 985 1757 2957 66 44
A 3938 3738 1548 2591 76 18
A 5966 3106 451 1033 161 41
A 6698 2000 1867 2523 184 15
A 7503 3697 6578 1094 88 6
A 6605 2874 2623 362 32 1
A 2706 2122 7980 607 113 8
A 4345 2679 2714 1148 64 15
A 3410 3114 228 1277 37 52
A 2593 1493 4710 1171 187 50
A 6809 1544 224 1433 106 8
A 1674 964 530 2006 171 43
A 5614 2268 4274 329 17 19
A 2556 2827 7453 2784 56 31
A 149 3049 6584 1211 172 23
A 2561 3382 3067 3137 167 5
A 1546 2841 2289 2076 0 13
A 3320 2814 2481 3946 95 18
A 4285 2404 1077 91 188 34
A 5182 1689 935 118 100 8
A 5993 1461 5242 1412 151 29
A 6737 2497 1250 1026 173 22
A 5591 245 1969 73 192 16
A 2323 829 4220 3401 120 21
A 1287 2454 7450 2222 124 11
A 82 917 4164 1324 129 35
A 7733 1066 3964 1336 45 10
A 4138 36 1135 2107 61 59
A 7924 2785 2861 496 138 1
A 6257 3825 6236 1708 199 20
A 4411 2482 6430 927 158 59
A 2043 3892 6178 2359 180 35
A 7249 1718 1363 737 178 37
A 6768 454 962 1629 150 40
A 5411 3208 3677 3999 68 48
A 1511 2031 4910 293 158 41
A 1405 1001 1313 3583 113 5
A 4910 2962 4963 2625 99 13
A 802 2468 2299 2116 49 30
A 1616 2212 6810 1645 163 10
A 4074 75 6461 1336 168 19
A 2757 1773 2773 422 108 6
A 3667 2970 5800 983 196 0
A 6828 2750 320 1128 67 41
A 730 2835 7334 3540 81 17
A 322 907 2324 2783 195 13
A 4202 1705 818 3327 79 59
A 5813 2499 1849 3614 34 37
A 1466 2662 6548 2138 190 47
A 3259 520 2602 2945 12 35
A 4843 734 4694 3519 69 42
A 6564 424 5347 3383 151 18
A 2614 1917 6677 815 83 31
A 4613 3349 1526 3513 39 28
A 7632 1450 6189 2234 148 33
A 6022 1943 40 3068 62 9
A 2710 27 333 57 162 45
A 4588 2376 2002 3265 191 5
A 6129 156 3586 3655 21 17
A 5323 3653 3227 3864 40 15
A 3170 262 5918 3210 130 33
A 3119 2393 3760 3453 2 22
A 3890 3390 2250 1892 8 41
A 2129 1137 5950 2067 144 11
A 3844 2819 1977 3423 36 57
A 7751 2206 831 1669 16 13
A 5754 887 2906 1514 92 49
A 5388 582 5099 3638 26 47
A 5432 1307 5596 3382 174 12
A 1705 3218 5912 3682 194 28
A 4251 2745 3506 1082 166 14
A 5948 2521 2161 854 35 46
A 2915 1776 140 367 166 27
A 4826 3198 626 2423 132 21
A 5515 990 7571 3779 72 45
A 1079 1276 1662 585 158 9
A 6211 306 950 725 113 17
A 7931 428 7113 71 195 40
A 7390 1974 4430 17 197 43
A 370 2264 353 293 196 57
A 7211 3475 6653 873 13 24
A 3302 2624 2022 252 149 35
A 5942 3280 7964 1055 104 31
A 6287 3094 7085 2718 63 54
A 6433 185 2451 3138 79 47
A 867 42 322 3873 115 7
A 1237 570 3712 3259 174 1
A 2795 3116 6694 3111 124 38
A 4574 3163 5492 3660 81 28
A 7494 666 5493 2297 156 52
A 7144 1024 2014 3819 97 2
A 906 2486 4204 618 97 38
A 32 1244 847 2726 155 51
A 5124 930 4534 2968 142 8
A 4276 788 3786 1770 86 23
A 94 2230 1319 2461 49 48
A 2095 3308 1406 2299 78 23
A 29 310 4748 876 36 3
A 6599 512 6385 3486 81 7
A 2606 3757 4116 2392 79 2
A 6687 2326 5784 6 187 6
A 6926 3234 3494 332 133 52
A 3836 1562 4083 936 191 51
A 6391 1390 7984 777 28 5
A 4456 3834 7574 924 27 26
A 4478 1266 4132 2263 73 11
A 2801 551 505 2295 84 30
A 6419 1072 4304 2854 8 55
A 6326 399 4838 2662 128 26
A 6479 1985 1901 2405 61 20
A 211 3740 5746 695 155 11
A 5966 1156 7923 2823 3 19
A 1213 2222 2583 1870 29 51
A 4965 107 1342 2155 169 23
A 4222 1248 1560 2475 53 1
A 7307 217 4561 1053 112 48
A 777 3231 424 700 54 7
A 2211 3620 2802 794 90 23
A 1737 2807 4690 3431 115 51
A 2654 1537 1411 214 164 16
A 5388 3671 1633 2301 76 38
A 5570 1853 2129 2346 153 15
A 2926 1116 4507 2080 62 29
A 6663 3999 1509 3353 183 4
A 3516 2437 4713 927 4 57
A 6343 744 1100 329 45 36
A 3227 967 4030 1356 114 15
A 6243 2240 404 3103 120 46
A 5452 3335 6666 3313 40 9
A 6137 2556 5238 2850 83 34
A 279 2178 1338 1731 107 36
A 260 1734 5703 290 42 57
A 7577 2038 3609 3981 141 41
A 3000 2945 3616 1666 59 48
A 467 396 1564 2057 199 59
A 2652 230 3930 342 162 37
A 5078 2574 524 2782 64 6
A 151 2793 2004 3761 127 57
A 394 2127 2443 363 145 2
A 3371 964 5098 1288 21 29
A 7039 2025 5280 2969 168 34
A 1407 3446 2168 1931 180 4
A 6249 2732 4529 606 45 16
A 4103 3239 2135 2546 2 40
A 7248 3326 7244 699 14 18
A 5748 3653 643 3380 175 31
A 3326 382 6810 1846 65 30
A 3582 914 4122 112 120 47
A 120 1976 6559 2256 122 53
A 888 3771 1839 133 22 45
A 2751 2570 2811 3746 103 26
A 6758 1981 6520 1920 28 45
A 3310 3410 6451 3785 122 4
A 2752 3995 6300 1663 51 42
A 4177 3139 2945 2016 24 27
A 5174 2727 6690 3985 74 45
A 2123 1232 7326 643 104 54
A 6180 2814 6917 983 199 31
A 1307 1704 6786 3959 119 29
A 6782 3896 529 2079 65 45
A 6199 3439 3233 889 176 47
A 6586 2251 3291 1912 46 15
A 5419 1426 1961 336 161 33
A 7127 69 2617 1914 28 28
A 7303 3162 2585 184 42 30
A 4690 3793 641 275 82 9
A 1982 3268 3020 1273 132 38
A 4420 2951 4044 2381 87 45
A 3294 2415 7226 2263 81 27
A 952 336 6769 3889 73 43
A 739 1915 156 1732 190 10
A 6853 524 810 2225 149 23
A 843 2569 5646 1239 150 34
A 396 597 7701 3623 60 34
A 7230 164 5422 2351 53 47
A 7067 1144 4562 3223 28 4
A 4766 2081 3628 1576 106 37
A 271 1149 698 1918 188 21
A 7204 3137 6598 2905 160 50
A 7991 2342 5975 1413 45 40
A 4061 112 7525 975 88 53
A 80 454 4835 60 182 53
A 2190 2654 2643 2888 124 23
A 4889 128 520 3487 185 12
A 1650 3376 2326 3625 141 52
A 2357 1202 7836 1882 130 16
A 988 2610 330 2175 22 25
A 3668 1212 6071 2663 53 55
A 399 1342 3475 1271 182 40
A 5256 2832 6588 3582 9 9
A 7306 1166 1284 3495 1 46
A 3371 389 7128 54 116 10
A 7119 2584 3715 1190 0 28
A 4537 2351 1510 12 22 24
A 7224 1230 1876 2164 13 57
A 1893 471 6204 3529 118 5
A 3695 3690 2346 2823 144 42
A 1326 3215 198 1041 5 18
A 5209 942 149 3071 106 44
A 2116 530 5354 344 94 39
A 5382 939 3343 3586 21 21
A 5543 868 3703 3889 44 7
A 1151 1722 6662 1349 163 59
A 7500 324 4713 1 195 19
A 4125 1863 2901 1832 8 27
A 703 3590 2887 46 128 40
A 4060 1071 5280 3763 160 24
A 3563 2463 3046 2577 164 21
A 5997 3664 6485 3062 66 53
A 1082 143 96 3983 127 4
A 1931 3031 6246 1170 29 54
A 5582 3841 7197 2862 157 17
A 4539 3520 2972 3937 49 57
A 6099 798 7153 936 61 51
A 3169 1295 7667 3618 78 34
A 2274 3561 1377 521 83 19
A 2295 2665 1352 1493 128 9
A 6002 2419 1181 1327 156 11
A 816 807 4781 321 96 42
A 7493 1617 1937 3160 35 48
A 5506 3510 7129 3236 183 45
A 747 3030 3230 2099 75 50
A 7761 3230 3529 942 157 58
A 4925 1725 3397 1707 46 53
A 2701 1539 3463 639 51 38
A 559 2910 4560 40 98 43
A 4605 3245 3974 3836 96 9
A 1298 14